Piston = 0.000000
XTilt = 0.000
YTilt = 0.000000
Power = 2.000000
AstigX = 0.0000000
AstigY = 0.000000
ComaX = 0.000000
ComaY = 0.000000
PrimarySpherical = 0.000000
TrefoilX = 0.000000
TrefoilY = 0.000000
SecondaryAstigX = 0.000000
SecondaryAstigY = 0.000000
SecondaryComaX = 0.000000
SecondaryComaY = 0.000000
SecondarySpherical = 0.000000
TetrafoilX = 0.000000
TetrafoilY = 0.000000
TertiarySpherical = 0.000000
QuaternarySpherical = 0.000000
